credit cards
examples from: https://www.freeformatter.com/credit-card-number-generator-validator.html
\d{14,19}
++
4229938113095820, 4229
4347511218187516, 4347
4556786129339659280, 4556
5217451762320961, 5217
2221005595799162, 2221
5407441872772623, 5407
344238468786489, 3442
343969017273345, 3439
375961350844858, 3759
6011894378719827, 6011
6011502300936969, 6011
6011477168266456656, 6011
3537770703538219, 3537
3589578475266191, 3589
3542269295984275628, 3542
5526904152314065, 5526
5559044118690827, 5559
5538174382777426, 5538
30051519443383, 3005
30563706455749, 3056
30051636002112, 3005
36200149772497, 3620
36614450292863, 3661
36222766082620, 3622
6763468673271170, 6763
6762634183549287, 6762
5038130806655114, 5038
4913082039879974, 4913
4844440426294807, 4844
4508564665274373, 4508
6396101552166709, 6396
6395136804155671, 6395
6387699097290273, 6387
--
2345678856392
12345676543212345342
**
([0-9]{4})[0-9]{10,15}